4233723623
4233776063
4233974182
4233892872
4233973016
4233932425
4233732063
4233935215
4233924086
4233941056
4233924844
4233877852
4233931501
4233953697
4233963845
4233711056
4233751898
4234006943
4233998053
4234010126
4233932575
4233883062
4234017487
4233885474
4234016737
4233809600
4234018747
4233813593
4233723844
4233998192
4233666945
4234020270
4233995546
4234100787
4233564399
4234157770
4234170679
4233898355
4234047211
4233880773
4234033630
4234107683
4234152296
4233539967
4233758384
4234180426
4233857953
4234204097
4234030715
4233992945
4233983996
4234193295
4234011108
4233990927
4233909898
4234004772
4233575797
4233987965
4233715224
4234135401
4234057192
4234166720
4234108984
4234301124
4234199045
4234233595
4234223072
4234054211
4234058084
4234192240
4234250512
4234153281
4234297423
4234278350
4234370084
4234338904
4234362095
4234346066
4234183510
4234404556
4234208145
4234346151
4234113335
4234315408
4234179821
4234230836
4234095069
4234207375
4234278376
4234385683
4233615946
4234321820
4234498854
4234417664
4234491818
4234486981
4234499185
4234148032
4234028353
4234370580
4234252685
4233648807
4234514783
4234495753
4234386200
4234495961
4234490049
4234548485
4234342125
4234537149
4234514125
4234556038
4234579186
4234454039
4234205899
4234489248
4234505565
4234640946
4234457569
4234650069
4234647193
4234408314
4234597161
4234605688
4234490730
4234228999
4234730522
4234737058
4234512364
4234629762
4234579368
4234672624
4234611549
4234586897
4234653747
4234707604
4234613603
4234534716
4234771451
4234815880
4234721852
4234496298
4234495006
4234040690
4234809882
4234736281
4234586502
4234715793
4234745040
4234686299
4234807788
4234844817
4234702528
4234102217
4234619795
4234767070
4234787774
4234881516
4234886826
4234736244
4234658523
4234570837
4234650360
4234850939
4234913730
4234924116
4234719997
4234778949
4234673706
4234351520